<?xml version="1.0"?>
<opencv_storage>
<H type_id="opencv-matrix">
  <rows>3</rows>
  <cols>3</cols>
  <dt>f</dt>
  <data>
    4.90434036e+01 -2.57900505e+01 470. -4.23602438e+00 -4.85666084e+00
    528. -7.57799344e-03 -4.15682979e-02 9.</data></H>
</opencv_storage>
