<?xml version="1.0"?>
<opencv_storage>
<H type_id="opencv-matrix">
  <rows>3</rows>
  <cols>3</cols>
  <dt>f</dt>
  <data>
    25. -1.65625000e+01 160. -5.43565193e-13 -1.03125000e+01 135.
    -3.37230244e-15 -9.37500000e-02 3.50000000e+00</data></H>
</opencv_storage>
