<?xml version="1.0"?>
<opencv_storage>
<H type_id="opencv-matrix">
  <rows>3</rows>
  <cols>3</cols>
  <dt>f</dt>
  <data>
    -4.37343454e+00 8.82809830e+00 370. -5.96263334e-02 3.36053777e+00
    475. -1.25529114e-04 1.75537691e-02 -5.00000000e-01</data></H>
</opencv_storage>
