<?xml version="1.0"?>
<opencv_storage>
<Homography type_id="opencv-matrix">
  <rows>3</rows>
  <cols>3</cols>
  <dt>f</dt>
  <data>
    5.89378603e-14 3.20554977e-14 180. 2.93815841e-14 2.44432601e-14
    100. 3.05311332e-16 1.94289029e-16 1.</data></Homography>
</opencv_storage>
