<?xml version="1.0"?>
<opencv_storage>
<H type_id="opencv-matrix">
  <rows>3</rows>
  <cols>3</cols>
  <dt>f</dt>
  <data>
    3.05714283e+01 -1.10125107e+02 372. 2.38031816e-13 -1.25472527e+02
    475. 2.22044605e-16 -2.33305156e-01 33.</data></H>
</opencv_storage>
