<?xml version="1.0"?>
<opencv_storage>
<H type_id="opencv-matrix">
  <rows>3</rows>
  <cols>3</cols>
  <dt>f</dt>
  <data>
    6.80628300e-01 -7.26984119e+00 378. 4.44089210e-15 -5.44444466e+00
    453. 3.12250226e-17 -1.58730168e-02 1.50000000e+00</data></H>
</opencv_storage>
