<?xml version="1.0"?>
<opencv_storage>
<H type_id="opencv-matrix">
  <rows>3</rows>
  <cols>3</cols>
  <dt>f</dt>
  <data>
    6.94230804e+01 -2.65762539e+01 765. 1.33779263e+00 1.21560752e+00
    480. 4.57079150e-03 -2.91861761e-02 22.</data></H>
</opencv_storage>
