<?xml version="1.0"?>
<opencv_storage>
<H type_id="opencv-matrix">
  <rows>3</rows>
  <cols>3</cols>
  <dt>f</dt>
  <data>
<<<<<<< HEAD
    25. -1.65625000e+01 160. -5.43565193e-13 -1.03125000e+01 135.
    -3.37230244e-15 -9.37500000e-02 3.50000000e+00</data></H>
=======
    1.42857141e+01 -1.29428568e+01 393. 1.49213975e-13 -7.37142849e+00
    378. 8.32667268e-16 -2.85714287e-02 4.</data></H>
>>>>>>> 09a700a81fd297fed84291c346b9bfac8a9d9156
</opencv_storage>
