<?xml version="1.0"?>
<opencv_storage>
<Homography type_id="opencv-matrix">
  <rows>3</rows>
  <cols>3</cols>
  <dt>f</dt>
  <data>
    3.12500000e+00 -1.65625000e+01 160. 1.74527059e-13 -1.03125000e+01
    135. 9.33281230e-16 -9.37500000e-02 1.</data></Homography>
</opencv_storage>
