<?xml version="1.0"?>
<opencv_storage>
<Homography type_id="opencv-matrix">
  <rows>3</rows>
  <cols>3</cols>
  <dt>f</dt>
  <data>
    4.48275852e+00 -1.69629631e+01 378. 1.13686838e-13 -1.27037039e+01
    453. 1.94289029e-16 -3.70370373e-02 1.</data></Homography>
</opencv_storage>
