<?xml version="1.0"?>
<opencv_storage>
<Homography type_id="opencv-matrix">
  <rows>3</rows>
  <cols>3</cols>
  <dt>f</dt>
  <data>
    5.95054932e+01 -3.79660759e+01 765. 1.14667940e+00 1.73658228e+00
    480. 3.91782122e-03 -4.16945368e-02 1.</data></Homography>
</opencv_storage>
