<?xml version="1.0"?>
<opencv_storage>
<Homography type_id="opencv-matrix">
  <rows>3</rows>
  <cols>3</cols>
  <dt>f</dt>
  <data>
    2.42890759e+01 -8.65515423e+00 85. 1.78079069e-01 2.83105612e+00
    225. -1.09865074e-03 -4.59764972e-02 1.</data></Homography>
</opencv_storage>
