<?xml version="1.0"?>
<opencv_storage>
<Homography type_id="opencv-matrix">
  <rows>3</rows>
  <cols>3</cols>
  <dt>f</dt>
  <data>
    1.42857141e+01 -1.29428568e+01 393. 1.49213975e-13 -7.37142849e+00
    378. 8.32667268e-16 -2.85714287e-02 1.</data></Homography>
</opencv_storage>
