<?xml version="1.0"?>
<opencv_storage>
<Homography type_id="opencv-matrix">
  <rows>3</rows>
  <cols>3</cols>
  <dt>f</dt>
  <data>
<<<<<<< HEAD
    3.12500000e+00 -1.65625000e+01 160. 1.74527059e-13 -1.03125000e+01
    135. 9.33281230e-16 -9.37500000e-02 1.</data></Homography>
=======
    1.42857141e+01 -1.29428568e+01 393. 1.49213975e-13 -7.37142849e+00
    378. 8.32667268e-16 -2.85714287e-02 1.</data></Homography>
>>>>>>> 09a700a81fd297fed84291c346b9bfac8a9d9156
</opencv_storage>
