<?xml version="1.0"?>
<opencv_storage>
<Homography type_id="opencv-matrix">
  <rows>3</rows>
  <cols>3</cols>
  <dt>f</dt>
  <data>
    3.12388172e+01 -2.90066109e+01 370. 4.25902367e-01 -1.10417662e+01
    475. 8.96636571e-04 -5.76766692e-02 1.</data></Homography>
</opencv_storage>
